primary hyperparathyroidism	22	24	26	28	30	32	35
normal	23	25	27	29	31	33	34	53	54	90	91	92	93	94	95	159	160	161	162	163	695	696	707	708	709	710	711	712	713	714	764	765	766	767	1048	1051	1057	1059	1061	1063	1077	1078	1083	1086	1091	1095	1096	1265	1266	1389	1390	1391	1392	1393	1394	1395	1396	1397	1398	1399	1400	1406	1407	1408	1409	1410	1411
"Down syndrome, transient myleoproliferative disorder"	36	37	38	39	40	41	42	43	44
"Down syndrome, acute megakaryoblastic leukaemia"	45	46	47	48	49	50	51	52
"Down syndrome, non-leukaemic"	55
ganglioneuroma	56
neuroblastoma-poorly differentiated	57	58	59	60	61	63	64	65	66	67	69	71	73	74
ganglioneuroblastoma	62	72	76
neuroblastoma-differentiating	68	77
neuroblastoma-undifferentiated	70
ganglioneuroblastoma intermixed	75
CVID	80	81	82	83	84	96
XLA	85	86	87	88	89
follicular thyroid adenoma	97	110	111	112	113	114	115	116	117	118	119	120
follicular thyroid carcinoma	98	99	100	101	102	103	104	105	106	107	108	109
colon carcinoma	121	122	123	124	125	126	127	128	129	130	131	132	133	134	135	136	137	138	139	140	141	142	143	144	145	146	147	148	149	150	151	152
"AIDS-KS, HIV+, nodular (late) stage"	153	154	155	156	157
"Classic-KS, HIV-, nodular (late) stage"	158
"AIDS-KS, KSHV-"	180
"iatrogenic-KS, KSHV-"	181
"KSHV infection, 2 days"	188	189	190	193	194	195
"KSHV infection, 7 days"	191	196
"KSHV infection, 14 days"	192
acute lymphoblastic leukemia	197	198	199	200	201	202	203	204	205	206	207	208	209	210	211	212	213	214	215	216	217	218	219	220	221	222	223	224	225	226	227	228	229	230	231	5630	5631	5632	5633	5634	5668	5701	5760	5761	5769	5770	5771	5779	5781	5791	5795	5802	5803	5812	5814	5829	5830	5835	5837	5839	5842	5843	5850	5857	5859	5860	5864	5867	5869	5872	5874	5875	5876	5878	5880	5881	5884	5887	5889	5890	5892
embryonal rhabdomyosarcoma	232	233	234	235	236	238	241	242	244	245	246	247	248	249	250	850	851	852
alveolar rhabdomyosarcoma	237	239	240	243	251	252	253	254	255	256	257	258	259	260	261	846	847	848	849
acute promyelocytic leukemia	270	271	272	273	274	275	276	277	278	279	280	281
healthy	290	291	292	293	294	295	296	297	298	299	300	301	807	808	809	810	811	812
colon adenocarcinoma	302	303	304	305	306	307	308	309
control brain	310	313	316	318	320	321	325	326	327	328	331	332	335	337	338	340	341	343	344	345	347	354	355	356	361	362	363	366	370	371	372	383	384	385	386	388	389	393	399	400	401	402	403	404	405	406	407	408	409	410	411	412	413	414	415	416	417	418	419	420	421	422	423	424	425	426	427	428	429	430	431	432	433	434	435	436	437	438	439	440	441	442	443	444	445	446	447
Huntington's Disease (HD) Pathological Grade 2	311	312	315	329	342	346	348	349	350	365	367	378	380	382	387	397	458	459	466	467	468	469	470	471	472	473	474	475	476	477	484	485	486	489	490	491	492	493	494	498	499	500	501	505	506
Huntington's Disease (HD) Pathological Grade 3	314	364	368	369	376	377	379	390	392	396	448	449	450
Huntington's Disease (HD) Pathological Grade 1	317	319	330	333	334	336	351	352	353	358	359	375	451	452	453	454	455	456	457	460	461	462	463	464	465	481	482	483	495	496	497	502	503	504	507	508	509	510
Huntington's Disease (HD) Pathological Grade 4	322	324	357	360	373	381	391	395	398
Huntington's Disease (HD) Pathological Grade 0	323	339	374	394	478	479	480	487	488
promyelocytic leukemia HL-60	522	528
chronic myelogenous leukemia K562	523	529
lymphoblastic leukemia MOLT-4	527	549
Daudi Burkitt's lymphoma	554	555
colorectal adenocarcinoma	623	629	1267	1268	1269	1270	1271	1272	1273	1274	1275	1276	1277	1278	1279	1280	1281	1282	1283	1284	1285	1286	1287	1288	1289	1290	1291	1292	1293	1294	1295	1296	1297	1298	1299	1300	1301	1302	4471	4472	4473	4474	4475	4476	4477	4478	4479	4480	4481	4482	4483	4484	4485	4486	4487	4488	5564	5565	5566	5567	5568	5569	5570	5571	5572
Raji Burkitt's lymphoma	626	630
congestive heart failure	689	691
sudden death	690	692
intracranial hemorrhage NOS	693	694
lung adenocarcinoma (NCI_Thesaurus C0152013) has DiseaseStaging Stage I	715	716	717	718	719	720	721	722	723	724	726	728	729	732	733	734	739	740	741	743	745	751	752	756	757
lung adenocarcinoma (NCI_Thesaurus C0152013) has DiseaseStaging Stage III	725	730	738	742	744	747	749	750	753	754	758	761	762	763
lung adenocarcinoma (NCI_Thesaurus C0152013) has DiseaseStaging Stage IV	727	755
lung adenocarcinoma (NCI_Thesaurus C0152013) has DiseaseStaging Stage II	731	735	736	737	746	748	759	760
seasonal allergy	768	769	770
2h after infection with fasX-mutant Streptococcus pyogenes	779	780
control sample without infection after 2h	781	782
2h after infection with wildtype Streptococcus pyogenes	783	784
4h after infection with fasX-mutant Streptococcus pyogenes	785	786
4h after infection with wildtype Streptococcus pyogenes	787	788
6h after infection with fasX-mutant Streptococcus pyogenes	789	790
6h after infection with wildtype Streptococcus pyogenes	791	792
8h after infection with fasX-mutant Streptococcus pyogenes	793	794
control sample without infection after 8h	795	796
8h after infection with wildtype Streptococcus pyogenes	797	798
adenocarcinoma	799	800	801	802	3356	3357	3358	3359	3360	3361	3362	3363
monophasic synovial sarcoma	844	865	867	872	878	879	882	896	926	927
leiomyosarcoma	845	858	859	864	877	892	893	905
Ewing's Sarcoma	853	854	855	856	857
chondrosarcoma	860	866	889	895	898	909	938
osteosarcoma	861	884	900	902	911	913	914	915	916	920	932	2914	2915	2916	2917	2918	2919	2920	2921	2922	2923
myxoid liposarcoma	862	875	901	903	904	906	923
lipoma	863	880	921
neurofibroma	868	881	910	925
fibromatosis	869	883	885	887	908
dedifferentiated chondrosarcoma	870	890	899
well-differentiated liposarcoma	871	876	886
schwannoma	873	928	931	937
malignant peripheral nerve sheath tumor	874	891	922	929
sarcoma	888	897	907
chondroblastoma	894	917	919	939
chordoma	912	918	924	930
chondromyxoid fibroma	933	934	935	936
no tendon xanthomas	940	941
tendon xanthomas	942	943
prostate cancer	1046	1047	1049	1050	1052	1053	1054	1055	1056	1058	1060	1062	1064	1065	1066	1067	1068	1069	1070	1071	1072	1073	1074	1075	1076	1079	1080	1081	1082	1084	1085	1087	1088	1089	1090	1092	1093	1094	1097	1098	1099	1100	1101	1102	4108	4109	4110	4111	4112	4113	4114	4115	4116	4117	4118	4119	4120	4121	4122	4123	4124	4125	4126	5108	5109	5110	5111	5112	5113	5114	5115
precursor T lymphoblastic leukemia	1107	1108	1109	1110	1111	1112	1113	1114	1115	1116	1117	1118	1119	1120	1121	1122	1123	1124	1125	1126	1127	1128	1129	1130	1131	1132	1133	1134	1135	1136	1137	1138	1139	1140	1141	1142	1143	1144	1145	1146	1147	1148	1149	1150	1151	1152	1153	1154	1155	1156	1157	1158	1159	1160	1161	1162	1163	1164	1165	1166	1167	1168	1169	1170	1171	1172	1173	1174	1175	1176	1177	1178	1179	1180	1181	1182	1183	1184	1185	1186	1187	1188	1189	1190	1191	1192	1193	1194	1195	1196	1197	1198	1199	1200	1201	1202	1203	1204	1205
Burkitt's lymphoma	1207	1208	1209	1210	1211	1212	1213	1214
breast carcinoma	1229	1230	1231	1232	1233	1234	1235	1236	1237	1238	1239	1240	1241	1242	1243	1244	1245	1246	1247	1248	1249	1250	1251	1252	1253	1254	1255	1256	1257	1258	1259	1260	1261	1262	1263	1264
chronic myelogenous leukemia	1303	1304	1305	1306	1307	1308	1309	1310	1311	1312	1313	1314	1315	1316	1317	1318	1319	1320	1321	1322
T cell acute lymphoblastic leukemia	1323	1324	1325	1326	1327	1328	1329	1330	1331	1332	1333	1334	1335	1336	1337	1338	1339	1340	1341	1342	1343
chronic myeloid leukemia	1344	1345	1346	1347	1348	1349	1350	1351	1352	1353	1354	1355	1356	1357	1358	1359	1360	1361	1362	1363	1364	1365	1366	1367	1368	1369	1370	1371	1372	1373	1374	1375	1376	1377	1378	1379	1380	1381	1382	1383	1384	1385	1386	1387	1388
low-stage neuroblastoma	1412	1413	1414	1415	1419
high-stage neuroblastoma	1416	1417	1418	1420	1421	1422	1423	1424	1425	1426	1427	1428	1429
B-cell lymphoma	1538	1539	1541	1548	1552	1553	1560	1565	1566	1574	1575	1579	1583	1584	1594	1600	1602	1603	1604	1605	1607	1608	1612	1618	1623	1634	1643	1656	1657	1662	1665	1666	1683	1687	1689	1692	1734
"B-cell lymphoma, dlbcl"	1540	1542	1543	1544	1545	1546	1549	1550	1551	1554	1555	1556	1557	1558	1559	1561	1562	1563	1564	1567	1568	1569	1570	1571	1572	1576	1577	1578	1580	1581	1582	1585	1586	1587	1588	1589	1590	1591	1592	1593	1595	1596	1597	1598	1599	1601	1606	1613	1615	1617	1619	1620	1621	1622	1624	1625	1626	1627	1628	1629	1630	1631	1632	1633	1635	1636	1638	1639	1640	1641	1642	1644	1645	1646	1647	1648	1649	1650	1651	1652	1653	1654	1655	1658	1659	1660	1661	1663	1664	1667	1668	1669	1670	1671	1672	1673	1674	1675	1676	1677	1678	1679	1680	1681	1682	1684	1685	1688	1690	1691	1693	1694	1696	1697	1698	1699	1700	1701	1702	1703	1704	1705	1706	1707	1708	1709	1710	1711	1712	1713	1715	1716	1717	1718	1720	1722	1723	1724	1725	1726	1728	1729	1730	1731	1732	1733	1737	1738	1739	1740	1741	1742	1743	1744	1745	1746	1749	1750	1751	1752	1753	1754	1755	1756	1757	1758
"B-cell lymphoma, nhl"	1547	1573	1609	1610	1611	1614	1616	1637	1686	1695	1714	1719	1721	1727	1735	1736	1747	1748
cystic fibrosis	1759	1760	1761	1762	1763	1764
meningitis infected	1765	1766	1767	1768	1769	1770	1771	1772	1773	1774	1775	1776	1777	1778	1779	1780	1781	1782	1783	1784	1785	1786	1787
breast tumor	1789	1792	1796	1798	1800	1804	1812	1823	1825	1826	1833	1836	1841	1850	1864	1869	1880	1886	1889	1897	1905	1909	1913	1921	1922	1923	1924	1927	1929	1930	1932	1935	1941	1944	1947	1978	1979	1980	1981	1982	1983	1984	1985	1986	1987	1988	1989	1990	1991	1992	1993	1994	1995	1996	1997	1998	1999	2000	2001	2002	2003	2004	2005	2006	2007	2008	2009	2010	2011	2012	2013	2014	2015	2016	2017	2018	2019	2020	2021	2022	2023	2024	2025	2026	2027	2028	2029	2030	2031	2032	2033	2034	2035	2036	2037	2038	2039	2040	2041	2042	2043	2044	2045	2046	2047	2048	2049	2050	2051	2052	2053	2054	2055	2056	2057	2058	2059	2060	2061	2062	2063	2064	2065	2066	2067	2068	2069	2070	2071	2072	2073	2074	2075	2076	2077	2078	2079	2080	2081	2082	2083	2084	2085	2086	2087	2088	2089	2090	2091	2092	2093	2094	2095	2096	2097	2098	2099	2100	2101	2102	2103	2104	2105	2106	2107	2108	2109	2110	2111	2112	2113	2114	2115	2116	2117	2118	2119	2120	2121	2122	2123	2124	2125	2126	2127	2128	2129	2130	2131	2132	2133	2134	2135	2136	2137	2138	2139	2140	2141	2142	2143	2144	2145	2146	2147	2148	2149	2150	2151	2152	2153	2154	2155	2156	2157	2158	2159	2160	2161	2162	2163	2164	2165	2166	2167	2168	2169	2170	2171	2172	2173	2174	2175	2176	2177	2178	2179	2180	2181	2182	2183	2184	2185	2186	2187	2188	2189	2190	2191	2192	2193	2194	2195	2196	2197	2198	2199	2200	2201	2202	2203	2204	2205	2206	2207	2208	2209	2210	2211	2212	2213	2214	2215	2216	2217	2218	2219	2220	2221	2222	2223	2224	2225	2226	4825	4826	4827	4828	4829	4830	4831	4832	4833	4834	4835	4836	4837	4838	4839	4840	4841	4842	4843	4844	4845	4846	4847	4848	4849	4850	4851	4852	4853	4854	4855	4856	4857	4858	4859	4860	4861	4862	4863	4864	4865	4866	4867	4868	4869	4870	4871	4872	4873	4874	4875	4876	4877	4878	4879	4880	4881	4882	4883	4884	4885	4886	4887	4888	4889	4890	4891	4892	4893	4894	4895	4896	4897	4898	4899	4900	4901	4902	4903	4904	4905	4906	4907	4908	4909	4910	4911	4912	4913	4914	4915	4916	4917	4918	4919	4920	4921	4922	4923	4924	4925	4926	4927	4928	4929	4930	4931	4932	4933	4934	4935	4936	4937	4938	4939	4940	4941	4942	4943	4944	4945	4946	4947	4948	4949	4950	4951	4952	4953	4954	4955	4956	4957	4958	4959	4960	4961	4962	4963	4964	4965	4966	4967	4968	4969	4970	4971	4972	4973	4974	4975	4976	4977	4978	4979	4980	4981	4982	4983	4984	4985	4986	4987	4988	4989	4990	4991	4992	4993	4994	4995	4996	4997	4998	4999	5000	5001	5002	5003	5004	5005	5006	5007	5008	5009	5010	5011	5012	5013	5014	5015	5016	5017	5018	5019	5020	5021	5022	5023	5024	5025	5026	5027	5028	5029	5030	5031	5032	5033	5034	5035	5036	5037	5038	5039	5040	5041	5042	5043	5044	5045	5046	5047	5048	5049	5050	5051	5052	5053	5054	5055	5056	5057	5058	5059	5060	5061	5062	5063	5064	5065	5066	5067	5068	5069	5070	5071	5072	5073	5074	5075
"breast tumor, luminal"	1790	1791	1793	1794	1795	1801	1802	1805	1808	1809	1810	1811	1814	1816	1820	1822	1824	1827	1829	1830	1835	1837	1839	1843	1844	1846	1849	1854	1858	1862	1863	1865	1867	1868	1870	1873	1874	1876	1877	1878	1884	1890	1893	1894	1895	1896	1898	1899	1908	1910	1915	1916	1917	1918	1926	1928	1936	1938	1940	1942	1943	1946
"breast tumor, basal"	1797	1799	1806	1807	1818	1819	1832	1845	1847	1856	1857	1879	1882	1891	1902	1907	1911	1912	1914	1919	1920	1931	1933	1934	1945
"breast tumor, normal like"	1803	1813	1815	1817	1821	1828	1831	1834	1838	1840	1842	1848	1851	1852	1853	1855	1859	1860	1861	1866	1871	1872	1875	1881	1883	1885	1887	1888	1892	1900	1901	1903	1904	1906	1925	1937	1939
response	1948	1949	1950	1951	1952	1953
promyelocytic leukemia	2227	2228	2229	2230	2231	2232
pcos	2233	2234	2236	2237	2241	2242	2244	2246	2247	3502	3503	3504	3505	3506
renal clear cell carcinoma	2251	2253	2607	2609	2611	2612	2654	2656	2740
dermatomyositis	2254	2255	2256	2257	2258	3742	3743	3746	3750
duchenne muscular dystrophy	2613	2617	2619	2624	2625	4749	4750	4751	4752	4753
facioscapulohumeral muscular dystrophy	2614	2615	2616	2618	2620	2621	2622	2623	2626	2627	2628	2629	2630	2652
juvenile dermatomyositis	2631	2632	2633	2634	2635	2636	2637	2638	2639	2640	2641	2642	2643	2644	2645	2646	2647	2648	2649	2650	2651
bipolar disorder	2658	2659	2660	2661	2662	2663	2664	2665	2666	2667	2668	2669	2670	2671	2672	2673	2674	2675	2676	2677	2678	2679	2680	2681	2682	2683	2684	2685	2686	2687	2719	2720	2721	2722	2723	2724	2725	2726	2727	2728
ebv infection	2744	2745	2746	2747	2748	2749
trauma	2771	2772	2773	2774	2775	2776	2777	2778	2779	2780	2781	2782	2783	2784	2785	2786	2787	2788	2789	2790	2791
Ischemia	2797	2798	2799	2800	2801	2802	2803	2804	2805
myocardial infarction	2806	2807	2808	2809	2810	2811	2812	2813	2814	2815	2816	2817
current smoker	2839	2840	2841	2842	2843	2844	2845	2846	2847	2848	2849	2850	2851	2852	2853	2854	2855	2856	2857	2858	2859	2860	2861	2862	2863	2864	2865	2866	2867	2868	2869	2870	2871	2872
former smoker	2896	2897	2898	2899	2900	2901	2902	2903	2904	2905	2906	2907	2908	2909	2910	2911	2912	2913
metabolic syndrome	2938	2939	2940	2941	2942	2943	2944	2945	2946	2947	2948	2949	2950	2951	2952	2953	2954	2957	2958	2959	2960	2961	2962	2963
acute myeloid leukemia	2955	2956	2964	2965	2966	2967	2968	2969	2970	2971	2972	2973	2974	2975	2976	2977	2978	2979	2980	2981	2982	2983	2984	2985	2986	2987	2988	2989	2990	2991	2992	2993	2994	2995	2996	2997	2998	2999	3000	3001	3002	3003	3004	3005	3006	3007	3008	3009	3010	3011	3012	3013	3014	3015	3016	3017	3018	3019	3020	3021	3022	3023	3024	3025	3026	3027	3028	3029	3030	3031	3032	3033	3034	3035	3036	3037	3038	3039	3040	3041	3042	3043	3044	3045	3046	3047	3048	3049	3050	3051	3052	3053	3054	3055	3056	3057	3058	3059	3060	3061	3062	3063	3064	3065	3066	3067	3068	3069	3070	3071	3072	3073	3074	3075	3076	3077	3078	3079	3080	3081	3082	3083	3084	3085	3086	3087	3088	3089	3090	3091	3092	3093	3094	3095	3096	3097	3098	3099	3100	3101	3102	3103	3104	3105	3106	3107	3108	3109	3110	3111	3112	3113	3114	3115	3116	3117	3118	3119	3120	3121	3122	3123	3124	3125	3126	3127	3128	3129	3130	3131	3132	3133	3134	3135	3136	3137	3138	3139	3140	3141	3142	3143	3144	3145	3146	3147	3148	3149	3150	3151	3152	3153	3154	3155	3156	3157	3158	3159	3160	3161	3162	3163	3164	3165	3166	3167	3168	3169	3170	3171	3172	3173	3174	3175	3176	3177	3178	3179	3180	3181	3182	3183	3184	3185	3186	3187	3188	3189	3190	3191	3192	3193	3194	3195	3196	3197	3198	3199	3200	3201	3202	3203	3204	3205	3206	3207	3208	3209	3210	3211	3212	3213	3214	3215	3216	3217	3218	3219	3220	3221	3222	3223	3224	3225	3226	3227	3228	3229	3230	3231	3232	3233	3234	3235	3236	3237	3238	3239	3240	3241	3242	3243	3244	3245	3246	3247	3248	3249	3250	3251	3252	3253	3254
alzheimer's disease	3255	3256	3257	3258	3259	3260	3261	3262	3263	3264	3265	3266	3268	3274	3275	3276	3277	3279	3280	3281	3282	3285
"breast cancer cells, adenovirus expressing GFP"	3286	3287	3288	3289	3290	3291	3292	3293	3294	3295
UV treated	3296	3297	3298
colorectal cancer	3299	3300	3301	3302	3303	3304
barrett's esophagus	3348	3349	3350	3351	3352	3353	3354	3355
mitochondrial disorder	3397	3398	3399	3400	3401	3402	3403	3404	3405	3406	3407	3408	3409	3410	3411
"breast cancer, inflammatory"	3420	3421	3422	3423	3424	3425	3426	3427	3428	3429	3430	3431	3432	3433	3434	3435	3436	3437	3438	3439	3440	3441	3442	3443	3444	3445	3446	3447	3448	3449	3450	3451	3452	3453	3454	3455	3456	3457	3458	3459	3460	3461	3462	3463	3464	3465	3466	3467	3468
"T-cell lymphoblastic lymphoma, T-LL"	3469	3470	3471	3472	3473	3474	3475	3476	3477
"T-cell acute lymphoblastic leukemia, T-ALL"	3478	3479	3480	3481	3482	3483	3484	3485	3486	3487
"B-cell acute lymphoblastic leukemia, B-ALL"	3488	3489	3490	3491	3492	3493	3494	3495	3496	3497
emphysema	3522	3523	3524	3525	3526	3527	3528	3529	3530	3531	3532	3533	3534	3535	3536	3537	3538	3539	3540	3541	3542	3543	3544	3545	3546	3547	3548	3549	3550	3551
"grade 2, primary hnscc"	3554	3556	3557	3558	3560	3562	3564	3565
"acute promyelocytic leukemia, apl"	3566	3567	3568	3569	3570	3571	3572	3573	3574	3575
aml	3576	3577	3578	3579	3587	3588	3589	3590	3591	3592	3596	3597	3598	3600	3601	3603	3605	3606	3607	3608
acute monoblastic/monocytic leukemia	3580	3581	3582	3583	3584	3585	3586
acute myelomonocytic leukemia	3593	3594	3595	3602	3604
acute erythroid leukemia	3599
ischemic cardiomyopathy	3621	3623	3625	3637	3639	3640	3641	3642	3643	3644
nonischemic cardiomyopathy	3622	3624	3626	3627	3628	3629	3630	3631	3632	3633	3634	3635	3636	3638	3645
acute rejection	3706	3715	3716	3719	3721	3735	3736
inflammatory myopathy	3740	3748
myositis	3741	3747	3749	3751	3752
polymyositis	3744	3745
"response, dominant negative"	3759	3760	3761	3762	3763	3764
uterine fibroid	3768	3769	3770	3771	3772	3773	3774	3775	3776	3777	3778	3779	3780	3781	3782	3783	3784	3785	3786	3787	3788	3789	4462	4463	4464	4465	4466	4467	4469
"pituitary adenoma, non-functioning"	3797
"pituitary adenoma, ACTH-secreting"	3798
"pituitary adenoma, GH-secreting"	3799
"pituitary adenoma, PRL-secreting"	3800
atopic mild asthmatics	3801	3802	3803	3804	3805	3806	3807	3808	3809	3810	3811	3812	3813
non-atopic mild asthma	3814	3815
atopic severe asthma	3816	3817	3818	3819	3820	4195	4196	4197	4198	4199	4200	4201	4202	4203	4204	4205	4206	4207	4208	4209	4210	4211	4212	4213	4214	4215	4216	4217	4218	4219	4220	4221	4223	4225	4226	4227	4228	4230	4231	4232	4233	4234	4235	4236	4237	4238	4239	4240	4242
"cardiovascular disease, obesity"	3830	3840	3850	3851	3852	3853	3854	3855	3856	3857	3858	3859	3860	3861	3862	3863	3864	3865	3866	3867	3868	3869	3870	3871
lung cancer	3831	3832	3833	3834	3835	3836	3837	3838	3839	3841	3842	3843	3844	3845	3846	3847	3848	3849
breast cancer	3876	3877	3878	3879	3880	3881	3882	3883	3884	3885	3886	3887	3888	3889	3890	3891	3892	3893	4282	4283	4284	4285	4286	4287	4288	4289	4290	4291	4292	4293	4294	4295	4296	4297	4298	4299	4300	4301	4302	4303	4304	4305	4306	4307	4308	4309	4310	4311	4312	4313	4314	4315	4316	4317	4318	4319	4320	4321	4322	4323	4324	4325	4326	4327	4328	4329	4330	4331	4332	4333	4334	4335	4336	4337	4338	4339	4340	4341	4342	4343	4344	4345	4346	4347	4348	4349	4350	4351	4352	4353	4354	4355	4356	4357	4358	4359	4360	4361	4362	4363	4364	4365	4366	4367	4368	4369	4370	4371	4372	4373	4374	4375	4376	4377	4378	4379	4380	4381	4382	4383	4384	4385	4386	4387	4388	4389	4390	4391	4392	4393	4394	4395	4396	4397	4398	4399	4400	4401	4402
atrial fibrillation	3894	3895	3896	3897	3898	3899	3900	3901	3902	3903
squamous cell carcinoma	3943	3944	3945	3946	3947	3948	3949	3950	3951	3952	3953	3954	3955	3956	3957	3958	3959	3960	3961	3962	3963	3964	3965	3966	3967	3968	3969
"acute lymphoblastic leukemia, chemotherapy response"	4049	4050	5624	5625	5626	5627	5628	5629	5635	5646	5657	5679	5690	5712	5723	5734	5745	5746	5747	5748	5749	5750	5751	5752	5753	5754	5755	5756	5757	5758	5759	5762	5763	5764	5765	5766	5767	5768	5772	5773	5774	5775	5776	5777	5778	5780	5782	5783	5784	5785	5786	5787	5788	5789	5790	5792	5793	5794	5796	5797	5798	5799	5800	5801	5804	5805	5806	5807	5808	5809	5810	5811	5813	5815	5816	5817	5818	5819	5820	5821	5822	5823	5824	5825	5826	5827	5828	5831	5832	5833	5834	5836	5838	5840	5841	5844	5845	5846	5847	5848	5849	5851	5852	5853	5854	5855	5856	5858	5861	5862	5863	5865	5866	5868	5870	5871	5873	5877	5879	5882	5883	5885	5886	5888	5891	5893	5894	5895	5896
"pulmonary disease, cystic fibrosis"	4057	4058	4061	4064	4065	4066	4068	4069	4070
uterated prostate cancer	4107
ulcerative colitis	4143	4149	4150
irritable bowel syndrome	4144	4145	4146	4147	4148
glioblastoma	4151	4152	4153	4154	4155	4156	4157	4158	4159	4160	4161	4162	4163	4164	4165	4166	4167	4168
colon cancer	4243	4244	4245	4246	4247
pterygium	4251	4252	4253	4254	4255	4256	4257	4258
periodontitis	4260	4261	4262	4263	4264	4265	4266	4267	4268
"brain tumor, glioblastoma"	4278	4279	4280
hlrcc	4459	4461
adenovirus expressing GFP	4489	4490	4491	4492	4493	4494	4495	4496
"carcinoma in situ, bladder tumor"	4506	4508	4510	4512	4513	4516	4521	4524	4531	4539	4540	4541	4546
bladder tumor	4507	4509	4511	4514	4520	4522	4523	4525	4527	4533	4534	4536	4537	4542	4543	4545
"t3b, bladder tumor"	4515	4529	4535	4538
t4b	4517
"t4b, bladder tumor"	4518	4530	4532
"t3a, bladder tumor"	4519	4528
"t4a, bladder tumor"	4526	4544
carcinoma in situ	4548	4550	4552	4554	4555
germ cell tumor	4557	4558	4559	4560	4561	4562	4563	4564	4565	4566	4567	4568	4569	4570	4571	4572	4573	4574	4575	4576	4577	4578	4579	4580	4581	4582	4583	4584	4585	4586	4587	4588	4589	4590	4591	4592	4593	4594	4595	4596	4597	4598	4599	4600	4601	4602	4603	4604	4605	4606	4607	4608	4609	4610	4611	4612	4613	4614	4615	4616	4617	4618	4619	4620	4621	4622	4623	4624	4625	4626	4627	4628	4629	4630	4631	4632	4633	4634	4635	4636	4637	4638	4639	4640	4641	4642	4643	4644	4645	4646	4647	4648	4649	4650	4651	4652	4653	4654	4655	4656	4657
becker muscular dystrophy	4713	4736	4737	4738	4739
amyotrophic lateral sclerosis	4714	4715	4716	4717	4718	4719	4720	4721	4722
dysferlinopathy	4723	4724	4725	4726	4727	4754	4755	4756	4757	4758
calpainopathy	4740	4741	4742	4743	4744	4745	4746	4747	4748	4777
Emery-Dreifuss muscular dystrophy	4759	4760	4761	4762	4763	4764	4765	4766
 limb-girdle muscular dystrophy type 2I	4767	4768	4769	4770	4771	4772	4773
acute quadriplegic myopathy	4783	4784	4785	4786	4787
hereditary spastic paraplegia	4788	4789	4790	4791
cockayne syndrome	4801	4802	4803	4804	4805	4806	4807	4808
oral squamous cell carcinoma	5076	5077	5078	5079	5080	5081	5082	5083	5084	5085	5086	5087	5088	5089	5090	5091
"cardiomyopathy, calcifications"	5096	5097	5098	5099	5100
cardiomyopathy	5101	5102	5103	5104	5105	5106	5107
Huntington's disease	5168	5170	5172	5174	5177	5180	5184	5185	5186	5187	5189	5190	5191	5193	5195	5214	5215	5216	5217	5218	5219	5220	5221	5222	5223	5224	5225	5226	5227	5228	5229	5230	5231	5232	5233	5234	5235	5236	5237	5238	5240	5242	5244	5245	5246	5251	5254	5255	5256	5259	5260	5262	5263	5264	5265	5266	5283	5284	5285	5286	5287	5288	5289	5290	5291	5292	5293	5294	5295	5296	5297	5298	5299	5300	5301	5303	5304	5305	5306	5307	5311	5312	5313	5314	5320	5321	5322	5323	5324	5325	5326	5327	5345	5346	5347	5348	5349	5350	5351	5352	5353	5354	5355	5356	5357	5358	5359	5360	5361	5362	5363	5364	5365
progeria syndrome	5375	5397	5398	5399	5400	5401	5402	5403	5404
bone marrow relapse	5414	5415	5416	5417	5418	5419	5420	5421	5422	5423	5424	5425	5426	5427	5428	5429	5430	5431	5432	5433	5434	5435	5436	5437	5438	5439	5440	5441	5442	5443	5444	5445	5446	5447	5448	5449	5450	5451	5452	5453	5454	5455	5456	5457	5458	5459	5460	5461	5462	5463	5464	5465	5466	5467	5468	5469	5470	5471	5472	5473	5474	5475	5476	5477	5478	5479	5480	5481	5482	5483	5484	5485	5486	5487	5488	5489	5490	5491	5492	5493	5494	5495	5496	5497	5498	5499	5500	5501	5502	5503	5504	5505	5506	5507	5508	5509	5510	5511	5512	5513	5514	5515	5516	5517	5518	5519	5520	5521	5522	5523	5524	5525	5526
cololrectal tumor	5527	5528	5529	5530	5531	5532	5533	5534	5535	5536	5537	5538	5539	5540	5541	5542	5543	5544	5545	5546	5547	5548	5549	5550	5551	5552	5553	5554	5555	5556	5557	5558	5559	5560	5561	5562	5563
"lung cancer, cytotoxicity"	5579	5580	5581	5582	5583	5589	5590	5593	5599	5601
squamous cell cancer	5584	5591	5592	5595	5600	5602	5603	5604	5605
small cell cancer	5585	5586	5587	5588	5594	5596	5597	5598	5606	5607
lymphoma	5619	5620	5621	5622	5623
brain tumor	5636	5637	5638	5639	5640	5641	5642	5643	5644	5645	5647	5648	5649	5650	5651	5652	5653	5654	5655	5656	5658	5659	5660	5661	5662	5663	5664	5665	5666	5667	5669	5670	5671	5672	5673	5674	5675	5676	5677	5678	5680	5681	5682	5683	5684	5685	5686	5687	5688	5689	5691	5692	5693	5694	5695	5696	5697	5698	5699	5700	5702	5703	5704	5705	5706	5707	5708	5709	5710	5711	5713	5714	5715	5716	5717	5718	5719	5720	5721	5722	5724	5725	5726	5727	5728	5729	5730	5731	5732	5733	5735	5736	5737	5738	5739	5740	5741	5742	5743	5744
